93
5
1 2 3 4 5
5
5 4 3 2 1
5
1 2 4 3 5
5
384 887 778 916 794
5
336 387 493 650 422
5
363 28 691 60 764
5
927 541 427 173 737
5
212 369 568 430 783
5
531 863 124 68 136
5
930 803 23 59 70
5
168 394 457 12 43
5
230 374 422 920 785
5
538 199 325 316 371
5
414 527 92 981 957
5
874 863 171 997 282
5
306 926 85 328 337
5
506 847 730 314 858
5
125 896 583 546 815
5
368 435 365 44 751
5
88 809 277 179 789
5
585 404 652 755 400
5
933 61 677 369 740
5
13 227 587 95 540
5
796 571 435 379 468
5
602 98 903 318 493
9
653 757 302 281 287 442 866 690 445
9
620 441 730 32 118 98 772 482 676
9
710 928 568 857 498 354 587 966 307
9
684 220 625 529 872 733 830 504 20
9
271 369 709 716 341 150 797 724 619
9
246 847 452 922 556 380 489 765 229
9
842 351 194 501 35 765 125 915 988
9
857 744 492 228 366 860 937 433 552
9
438 229 276 408 475 122 859 396 30
9
238 236 794 819 429 144 12 929 530
9
777 405 444 764 614 539 607 841 905
9
819 129 689 370 918 997 325 744 471
9
184 491 500 773 726 645 591 506 140
9
955 787 670 83 543 465 198 508 356
9
805 349 612 623 829 300 344 747 569
9
341 423 312 811 606 802 662 731 879
9
306 321 737 445 627 523 466 709 417
9
283 259 925 638 63 625 601 37 453
9
900 380 551 469 72 974 132 882 931
9
934 895 661 164 200 982 900 997 960
9
774 814 669 191 96 927 467 85 341
9
91 685 377 543 937 108 446 757 180
9
419 888 413 349 173 660 10 337 211
9
343 588 207 302 714 373 322 256 820
9
600 722 905 940 812 941 668 706 229
9
128 151 985 659 921 225 423 270 397
9
82 631 85 293 973 673 851 626 386
9
223 300 641 43 899 714 299 191 525
9
591 210 582 820 337 733 156 995 5
9
380 770 274 777 851 256 861 143 580
9
885 994 206 622 568 505 614 962 755
9
327 260 945 203 507 785 22 843 869
9
529 190 873 909 959 499 37 809 754
9
249 304 334 134 649 891 755 568 747
9
369 530 501 47 789 798 250 991 304
9
34 364 498 254 893 687 126 153 997
9
976 189 158 730 437 461 415 922 305
9
29 28 51 749 557 903 795 698 700
9
44 40 3 429 404 501 682 648 539
9
160 152 536 135 340 693 216 128 505
9
630 50 965 286 430 344 336 178 901
9
239 972 950 290 368 989 293 796 744
9
145 830 391 683 341 542 570 827 233
9
262 43 361 118 24 762 82 310 191
9
426 997 368 678 235 691 627 525 58
9
615 169 206 359 313 387 101 347 727
9
995 917 553 579 530 947 291 648 971
99
52 81 632 594 858 628 313 887 215 356 513 91 413 480 611 970 190 275 642 621 434 988 889 339 567 771 285 857 418 607 261 850 238 206 60 218 519 946 784 874 459 638 290 484 608 479 758 315 472 730 101 460 619 439 26 389 75 234 158 682 494 359 271 700 840 570 364 623 795 174 848 432 463 683 391 293 792 58 116 522 575 492 948 952 232 22 538 741 55 31 99 326 82 517 3 140 797 405 581
99
219 22 971 863 813 380 978 686 537 905 177 484 208 760 858 745 500 912 128 951 237 561 819 106 564 50 245 712 806 935 292 376 956 615 590 769 994 919 883 823 983 718 31 94 575 127 594 487 254 544 75 815 714 180 378 763 776 89 920 711 733 295 18 347 236 138 692 154 944 574 329 926 19 218 837 964 56 91 859 131 572 662 634 790 74 605 852 251 869 504 486 7 196 640 950 121 968 227 764
99
678 597 982 866 561 37 956 771 519 212 343 533 197 380 322 271 985 173 428 235 41 284 73 399 831 64 348 951 31 574 715 60 523 48 925 83 436 233 205 955 444 899 487 641 279 160 263 684 42 849 724 325 273 123 155 336 822 458 366 748 172 777 270 219 702 704 654 934 908 960 729 807 798 721 85 309 335 699 992 377 716 53 190 560 507 11 17 225 110 540 1 379 54 82 115 339 990 427 68
99
148 224 788 232 533 123 282 876 851 180 591 255 351 132 814 858 495 182 82 604 721 434 983 488 416 297 826 405 723 893 552 298 33 135 507 58 709 596 1000 963 484 777 155 978 310 588 933 383 22 267 564 861 683 212 686 87 286 931 991 584 315 477 117 821 526 529 840 491 137 361 619 644 338 929 583 622 311 956 889 226 816 571 438 854 9 784 658 98 828 127 270 72 652 150 911 640 399 611 394
99
578 891 977 200 553 932 88 778 100 658 567 953 18 642 736 369 299 185 196 777 806 267 429 955 529 309 594 279 198 556 673 775 446 1 326 998 284 413 128 383 422 694 335 440 160 986 958 355 762 763 973 542 717 853 851 663 483 400 218 155 174 16 507 852 365 791 264 492 173 38 538 860 829 872 281 988 857 591 342 971 353 666 512 70 518 362 84 352 113 301 639 668 490 33 105 876 680 142 539
99
970 637 171 957 845 761 650 815 466 315 327 887 184 40 536 153 622 394 791 290 110 632 674 265 736 549 296 878 314 834 199 950 356 156 794 469 157 961 934 824 287 172 359 678 141 246 182 762 991 324 51 101 955 76 365 43 625 660 920 470 239 552 977 384 20 134 344 305 982 476 667 12 968 913 193 730 903 869 132 3 175 208 719 217 378 488 473 574 958 63 126 798 497 419 142 154 727 475 981
99
394 486 949 306 31 30 560 899 161 563 425 720 281 642 903 11 481 727 584 790 141 709 724 939 558 494 432 711 221 906 691 614 392 639 271 422 668 830 672 181 744 96 900 25 89 155 387 570 233 970 374 434 664 588 280 95 650 500 352 340 465 743 331 87 516 350 916 187 882 12 635 134 388 723 288 774 644 520 355 245 125 140 260 64 419 354 713 270 706 405 734 800 735 820 316 436 88 854 670
99
451 488 803 838 563 90 611 206 961 705 912 558 830 404 817 893 822 523 606 444 580 362 529 379 448 701 46 883 788 900 552 590 387 354 427 949 795 37 507 108 93 418 665 922 821 481 167 995 355 124 438 934 485 318 313 932 18 710 166 157 609 70 746 996 423 172 296 570 560 802 677 653 572 341 926 744 173 92 528 567 879 813 51 197 125 334 214 187 500 371 569 116 142 343 640 264 199 591 940
99
203 514 632 129 258 805 572 347 684 139 226 496 541 422 973 227 635 159 726 357 953 646 473 447 340 112 884 604 662 826 543 217 175 345 597 331 268 295 14 758 520 861 651 293 833 877 280 991 954 636 296 599 108 742 938 571 977 585 802 84 801 493 610 497 441 940 764 736 305 874 607 165 524 252 350 752 531 705 166 987 303 626 80 592 548 408 485 132 562 920 932 54 529 428 495 820 544 582 124
99
769 188 640 644 439 989 395 321 681 99 487 19 753 464 696 11 506 180 143 67 426 473 979 854 967 798 749 548 273 517 87 913 160 878 901 554 198 933 4 36 952 108 499 50 155 862 907 335 326 785 429 764 634 116 561 382 15 186 898 101 98 409 330 350 314 880 635 317 915 586 776 766 987 931 627 893 617 630 570 410 367 516 396 834 777 848 614 27 301 63 787 509 398 417 983 545 541 827 519
99
566 795 500 135 547 909 854 63 304 687 843 433 535 808 811 835 870 597 816 985 697 325 383 466 452 717 362 344 38 188 862 603 982 361 89 880 621 942 294 925 629 136 709 163 943 871 997 164 467 812 501 516 488 235 333 291 951 694 634 340 881 495 214 855 445 476 324 739 752 952 874 169 682 814 684 978 536 15 465 770 347 108 73 392 741 412 624 588 58 837 794 440 282 115 372 419 884 765 568
99
698 801 68 675 336 434 491 458 133 950 530 524 691 293 148 630 350 423 141 969 44 256 340 767 26 937 654 261 53 221 958 205 288 984 541 722 827 998 206 128 879 729 170 171 228 799 521 564 222 661 884 617 268 224 383 512 36 554 609 863 769 896 199 377 10 174 504 888 255 674 58 482 824 930 397 45 943 281 13 210 856 748 855 367 135 760 282 743 974 402 639 172 414 959 900 485 756 662 91
888
781 72 924 604 1 321 943 953 13 505 808 760 359 526 895 118 159 637 91 561 627 615 974 938 866 749 422 621 410 864 401 833 787 5 834 459 357 128 411 369 632 570 129 342 447 375 606 11 902 166 990 868 491 927 733 239 700 706 563 458 349 462 18 170 498 539 140 19 471 586 393 281 543 755 534 708 744 551 22 486 789 721 191 141 635 648 326 984 695 143 631 192 64 521 555 493 931 423 35 686 309 95 709 645 803 546 785 523 88 926 158 736 603 549 297 987 531 841 50 52 513 957 590 655 449 873 429 483 558 89 577 338 798 221 6 15 783 283 524 870 237 16 418 885 354 300 725 351 711 293 243 165 24 642 722 112 261 791 903 956 148 917 90 782 440 959 807 376 512 675 979 266 378 567 977 670 162 135 537 907 1000 698 317 840 571 568 487 9 768 278 967 137 436 694 38 947 720 368 213 97 935 541 96 951 209 852 691 448 677 796 564 136 932 352 181 298 901 689 862 997 975 402 115 70 417 53 583 626 683 434 503 124 950 152 236 961 800 230 629 550 529 14 877 767 991 985 195 37 777 385 210 701 685 540 836 776 451 251 363 879 265 580 759 854 945 770 712 978 106 258 737 473 566 596 633 250 108 468 377 559 602 303 161 964 83 39 228 797 431 408 660 928 496 802 314 968 719 30 336 893 444 713 8 663 514 552 857 111 482 196 890 855 370 705 727 296 734 415 188 365 858 252 211 565 739 724 194 835 946 395 367 457 48 827 804 861 883 156 574 649 696 291 506 68 105 409 769 94 556 145 652 292 589 276 682 201 330 843 665 44 573 812 257 641 497 860 259 511 847 876 295 925 557 126 886 254 320 881 325 897 204 730 747 371 595 646 859 853 509 287 699 806 345 731 948 208 659 54 180 773 176 905 441 87 107 805 752 638 502 272 151 109 382 288 389 329 463 952 260 424 346 515 183 973 658 130 912 745 58 79 138 127 761 187 142 185 826 640 849 445 624 56 311 284 247 413 894 43 301 121 790 57 738 242 915 110 282 217 119 500 764 507 264 319 400 306 971 702 778 780 684 980 238 248 996 525 212 644 327 762 219 226 442 232 618 484 59 316 214 315 999 681 7 36 639 132 753 710 825 757 464 3 81 492 175 545 657 842 103 380 839 285 960 489 597 207 599 114 848 455 963 703 433 452 887 172 290 490 851 273 869 193 819 216 620 270 878 233 332 501 821 414 229 425 795 619 268 255 771 356 32 149 643 989 178 569 955 304 988 470 4 65 289 527 817 542 28 123 60 227 766 405 533 231 240 373 307 494 899 387 510 388 203 139 650 669 182 147 63 740 335 636 508 547 965 704 34 150 622 160 222 871 98 62 729 467 47 31 717 814 875 404 164 818 235 340 353 443 914 693 362 102 328 51 55 940 810 446 312 913 33 553 347 662 253 554 872 585 49 364 75 343 765 828 155 381 576 995 697 361 588 383 125 930 184 607 168 535 174 71 504 177 305 634 572 256 993 348 432 27 478 822 661 880 688 587 280 614 437 610 67 772 485 874 937 718 477 200 73 197 611 495 99 954 653 592 366 656 84 206 324 337 758 466 92 651 609 623 391 241 224 830 845 153 801 41 581 775 832 900 480 20 562 918 970 763 167 430 888 601 716 318 882 837 528 608 909 131 220 707 898 198 173 530 419 829 976 992 474 982 867 21 612 944 816 323 205 397 299 117 355 742 743 815 922 617 625 407 680 792 386 2 339 74 846 426 406 654 40 277 23 756 578 416 390 605 939 82 225 78 17 499 438 350 906 831 519 427 333 223 544 163 838 399 809 678 613 271 169 942 472 690 190 456 93 520 784 104 144 157 666 750 936 341 983 186 215 754 865 673 76 310 475 189 171 933 372 664 593 133 308 676 668 398 421 746 244 919 396 856 594 476 12 728 726 322 202 450 66 412 469 786 538 794 113 245 10 667 481 516 850 823 154 923 246 379 994 77 302 896 811 584 331 889 560 774 358 532
888
470 460 305 990 191 666 852 52 208 409 763 79 207 829 761 86 269 355 452 446 712 122 801 370 846 427 27 705 663 296 236 132 107 541 121 650 558 324 701 117 733 815 196 291 643 308 376 263 14 180 61 78 301 861 447 498 639 825 555 472 790 432 579 682 905 580 592 228 280 708 312 95 255 603 89 915 330 704 509 764 357 161 976 155 11 615 979 565 451 354 699 381 388 955 960 534 239 38 685 645 800 774 559 129 838 547 150 919 160 533 680 724 130 430 510 817 804 821 147 337 59 184 96 828 333 221 738 814 49 928 803 992 474 304 910 526 464 443 205 539 594 686 320 488 246 367 634 582 778 170 116 873 349 93 439 613 141 366 415 71 393 716 187 273 424 780 958 222 505 583 819 223 569 753 1000 90 220 872 19 316 984 456 945 750 939 135 820 684 203 870 475 784 224 640 158 394 863 726 146 214 167 365 438 957 735 718 561 481 468 851 967 287 169 404 995 405 779 47 418 556 372 869 494 585 283 756 35 292 389 595 772 798 495 331 259 605 661 490 383 614 192 247 413 277 997 154 668 946 445 57 892 568 264 689 10 110 20 620 299 457 959 607 17 119 759 983 662 542 229 74 627 729 781 674 577 566 497 410 254 506 871 625 125 434 348 128 732 306 850 64 479 511 937 776 359 504 466 448 530 42 538 700 395 225 677 519 746 219 226 193 524 722 940 552 904 897 610 24 295 550 879 112 998 760 591 854 43 297 906 934 619 878 844 587 754 917 980 693 883 941 429 75 546 835 973 340 211 416 436 183 54 33 813 12 858 632 895 60 321 362 322 621 667 13 887 178 747 450 622 885 646 157 938 92 217 186 382 350 981 392 908 527 702 848 288 212 560 465 311 9 932 245 758 88 656 719 326 68 400 70 792 952 329 670 5 598 678 80 590 390 950 461 195 113 728 420 97 866 261 840 618 807 111 115 298 793 775 144 877 857 256 628 403 76 237 428 688 720 723 864 597 767 922 279 406 65 156 262 672 242 514 317 988 133 500 102 731 338 604 617 6 124 623 216 884 584 889 830 657 740 23 166 463 641 769 63 647 244 37 676 104 281 487 727 982 197 996 55 190 469 836 188 966 947 484 673 535 139 516 151 765 62 611 525 345 635 549 202 736 462 831 698 651 624 507 332 942 741 201 101 567 575 743 642 564 832 265 123 771 82 918 194 18 248 206 827 948 633 972 143 266 596 890 690 318 486 631 886 665 787 978 818 386 710 276 638 903 227 268 721 272 352 681 933 67 282 629 544 32 812 105 36 253 442 343 285 275 703 230 199 993 531 179 81 241 660 50 58 103 860 572 576 358 39 402 532 414 563 791 985 374 87 711 286 412 971 289 40 954 925 152 85 294 865 3 258 843 257 522 833 347 653 691 968 842 528 744 880 707 433 138 131 571 399 513 323 106 822 56 485 499 482 637 789 204 25 970 655 489 648 508 483 921 454 593 694 29 936 816 893 165 644 449 742 22 944 669 384 232 868 28 924 737 377 943 182 397 679 240 148 162 120 363 909 233 339 512 234 44 419 398 969 459 902 554 235 328 523 847 606 441 687 502 477 912 664 874 601 126 574 423 839 421 471 734 926 824 986 540 417 786 751 974 69 616 994 557 859 309 900 327 517 777 841 899 496 231 658 174 581 467 173 271 45 796 529 361 551 788 181 137 145 364 752 949 2 987 250 675 589 894 543 586 896 344 437 334 8 73 965 695 562 612 492 319 168 862 99 84 243 72 867 440 929 849 368 914 198 783 313 845 826 114 83 911 41 142 536 149 520 599 991 834 426 600 342 931 175 53 920 293 916 999 16 749 351 794 369 391 375 608 806 213 176 274 210 353 692 961 853 515 300 545 683 411 341 881 636 715 773 923 770 218 473 314 453 267 714 808 768 989 134 927 91 21 797 458 930 278 371 31 649 109 94 153 935 252 745 913 809 553 30 766 755 310 378 100 118 888 185 652 503 387 891 898 805 307 407
888
363 916 656 447 918 539 801 577 397 483 46 311 21 16 467 344 99 852 47 744 334 262 422 802 879 486 811 40 792 413 798 155 328 453 601 245 343 401 174 91 235 571 256 586 868 951 684 719 997 780 52 611 201 206 489 686 368 880 477 677 983 459 129 935 704 823 687 229 913 922 799 314 177 736 181 479 772 899 476 551 302 438 751 507 278 788 227 158 616 6 834 599 817 315 533 520 137 220 100 50 493 250 985 895 499 756 145 326 658 446 763 408 305 393 547 531 550 163 888 735 761 49 645 575 538 216 674 939 708 923 653 728 260 15 43 552 25 488 667 784 144 59 331 960 914 694 605 617 95 249 192 632 217 570 524 492 574 604 120 182 117 514 85 141 1 925 497 161 255 522 435 166 703 303 595 243 119 164 995 654 737 598 404 208 779 521 721 863 13 73 966 937 569 126 543 443 641 877 695 280 374 998 226 968 468 389 131 462 42 219 411 426 541 318 498 330 267 491 198 809 933 147 261 496 441 634 845 18 313 406 83 448 301 537 78 77 562 832 891 904 509 987 102 670 919 600 471 79 861 871 846 889 123 646 881 93 689 917 186 748 682 4 353 668 457 22 938 56 458 239 762 268 560 742 124 440 693 973 257 936 97 859 121 196 199 55 821 655 758 63 568 773 978 377 996 841 2 89 317 794 782 885 766 962 701 58 173 405 804 460 146 810 903 872 455 28 202 184 644 179 583 251 439 135 556 362 979 609 771 781 375 107 530 897 340 136 563 591 886 116 627 760 304 561 843 971 297 398 628 454 309 139 829 746 597 710 200 130 964 72 295 197 274 190 853 594 775 98 272 580 33 415 678 629 24 525 505 590 125 108 977 53 104 691 336 378 981 607 567 657 637 169 759 820 23 148 504 579 793 224 170 464 30 720 11 287 790 958 324 716 618 698 62 706 565 254 673 603 651 86 519 549 407 663 578 940 253 346 718 915 188 893 20 526 3 456 833 395 950 341 60 532 384 222 298 588 481 165 154 427 791 352 516 41 947 613 345 747 234 66 865 67 523 210 252 905 929 203 733 816 231 473 149 247 437 911 337 487 844 767 399 500 214 17 972 729 508 635 306 134 445 713 482 501 189 975 128 472 461 74 807 726 367 339 101 593 390 470 273 322 8 510 355 221 990 826 665 738 356 376 34 94 700 321 156 293 548 869 503 731 75 118 992 92 436 636 39 669 265 573 851 142 259 608 926 945 948 29 622 882 223 949 839 359 785 183 286 640 112 690 815 469 554 647 787 87 452 449 866 264 385 639 732 329 572 797 31 615 51 54 76 430 528 954 513 394 819 291 702 884 734 546 850 431 212 233 805 187 271 5 387 957 909 855 110 795 84 19 777 285 48 835 715 961 824 12 65 822 327 786 712 71 175 848 952 207 830 705 836 725 812 133 875 878 289 789 592 113 942 178 416 920 277 410 685 82 127 711 316 874 371 931 68 246 382 160 167 225 172 894 162 980 722 350 969 490 928 275 451 697 679 193 814 423 730 380 103 858 959 238 403 241 81 433 373 237 347 194 506 806 215 743 837 783 769 357 115 660 860 883 312 392 675 517 270 856 545 862 723 934 696 943 364 88 383 159 750 752 279 386 248 898 876 409 625 714 924 414 236 195 963 70 320 649 240 638 727 466 428 912 626 114 185 847 10 540 965 955 266 776 381 630 294 555 707 26 338 281 974 864 282 360 840 672 69 258 463 813 906 932 96 308 717 244 765 230 335 994 153 432 299 132 896 831 631 138 418 666 873 753 429 369 902 325 619 818 417 589 474 105 584 740 527 292 300 808 529 323 27 553 768 204 307 648 680 296 412 930 606 681 276 774 688 699 576 502 485 354 661 106 991 351 892 993 535 842 35 676 828 770 32 739 566 444 612 908 515 557 80 213 425 366 587 941 37 7 953 228 564 596 827 242 45 534 764 495 90 803 218 643 14 480 333 361 982 36 370 310 927 61 610 870 284 191 484 754 709 544
888
560 449 133 342 568 238 899 338 171 406 758 985 511 465 769 158 618 185 670 18 909 113 944 57 514 653 257 488 717 222 31 628 22 516 321 589 753 220 279 923 625 36 259 487 500 28 644 117 212 665 473 778 430 529 291 434 137 503 358 161 482 732 676 803 672 428 950 351 998 986 961 484 837 988 127 306 552 791 792 376 920 221 256 210 7 393 340 509 102 990 833 175 857 954 165 806 656 162 143 617 645 332 956 123 637 507 266 234 1000 490 747 882 86 866 983 585 208 168 111 999 24 416 181 72 677 40 674 995 796 643 854 413 422 87 773 928 696 131 809 781 348 144 555 311 179 906 686 594 421 17 893 408 122 755 270 608 682 666 46 631 439 974 326 921 782 458 620 277 174 939 704 432 624 650 204 842 652 734 426 774 633 180 43 877 139 724 543 184 707 333 32 605 224 919 15 750 858 71 533 481 720 736 89 388 392 45 268 535 278 719 336 846 227 368 450 209 26 140 575 775 997 660 829 68 395 855 157 262 294 5 419 848 953 478 786 23 813 602 433 822 740 667 584 309 663 243 731 638 344 887 771 957 260 65 313 678 912 936 389 73 202 56 606 733 825 945 491 880 49 153 475 890 883 112 121 541 381 298 853 410 562 213 397 2 236 412 51 521 902 282 54 756 810 289 219 394 761 453 286 493 255 629 646 613 841 42 467 108 396 214 176 616 48 366 898 320 772 129 872 874 172 324 425 271 88 981 916 52 821 310 518 281 924 462 632 754 359 951 11 288 657 811 520 827 334 871 851 824 693 82 501 356 314 648 461 337 387 976 390 965 132 765 982 506 205 12 513 528 178 603 553 588 299 207 436 752 300 517 797 109 793 100 701 703 363 607 245 13 448 595 263 200 895 34 531 64 680 894 33 14 415 558 610 512 649 375 684 746 630 8 373 876 41 440 407 856 438 125 470 437 539 379 787 405 972 636 523 498 698 372 365 545 725 590 709 996 943 785 802 283 984 687 971 237 659 958 760 156 955 776 223 216 492 197 193 275 820 329 640 935 918 241 969 191 198 728 505 537 534 37 599 233 777 138 106 922 654 614 549 622 350 206 30 136 19 994 244 526 194 991 768 527 721 225 655 391 276 581 203 141 159 92 917 801 907 587 250 229 217 845 327 669 304 190 258 699 355 182 446 766 941 658 6 993 879 963 980 641 91 635 830 442 99 239 357 253 183 661 947 671 897 831 730 967 370 441 878 79 784 463 973 992 702 347 948 623 195 189 812 339 360 385 952 816 142 764 989 152 714 978 201 115 39 418 84 668 571 911 910 63 868 705 940 230 155 679 323 196 767 383 147 83 681 598 404 888 929 361 694 743 723 960 114 252 305 215 293 715 748 486 601 272 47 343 292 16 751 795 600 524 942 27 308 926 116 604 739 476 354 515 38 706 615 700 104 542 75 726 403 345 105 712 867 335 455 727 107 402 369 570 124 762 852 864 525 472 401 150 424 519 496 799 427 295 382 187 9 729 443 302 177 328 611 722 120 580 166 417 398 591 70 865 53 429 834 502 697 828 169 708 885 873 77 1 29 592 780 692 409 759 621 783 817 303 199 577 745 154 118 927 695 414 103 567 93 889 578 312 805 35 126 946 459 160 466 254 673 469 835 367 975 551 307 44 261 483 933 574 798 431 538 411 757 847 903 548 246 808 269 642 710 510 248 267 937 474 546 55 905 85 420 362 186 444 735 563 886 970 318 322 840 859 881 576 508 583 163 832 62 173 619 550 964 968 690 50 564 891 800 110 569 896 247 977 101 4 25 844 689 400 742 892 377 504 371 235 556 609 904 274 330 386 685 290 468 251 790 738 850 80 626 566 966 559 273 477 10 497 317 789 495 593 301 479 226 167 862 69 804 900 763 145 836 826 770 987 675 90 364 456 457 664 572 164 683 815 148 374 287 823 146 76 544 435 860 794 612 930 959 536 447 264 380 284 378 662 962 228 979 651 341 582 489 325 838 134 231 863
888
204 863 696 747 244 490 597 852 624 319 777 441 889 32 405 461 107 61 828 149 298 402 679 97 751 540 128 981 332 990 184 194 37 283 437 526 231 288 501 549 416 942 789 799 698 249 257 759 76 757 56 829 435 504 579 326 182 58 307 513 399 842 706 124 142 313 354 781 165 254 548 458 394 156 995 914 422 63 321 251 850 825 181 175 6 239 481 519 637 323 576 424 798 718 736 900 109 750 358 503 447 497 753 778 270 816 98 520 665 922 701 191 280 939 672 927 346 725 350 143 794 85 998 644 337 393 694 609 558 457 944 335 726 111 432 598 127 317 985 588 340 134 866 685 858 568 180 652 177 647 635 39 385 595 229 403 524 628 634 60 78 112 117 727 429 101 666 120 586 531 805 443 336 446 102 864 92 793 851 482 178 445 119 848 328 572 158 35 626 483 815 148 935 663 30 91 480 426 903 581 641 373 491 902 936 242 21 135 179 814 276 570 137 253 52 951 330 199 885 992 580 975 800 59 752 702 991 745 400 364 235 265 522 172 8 755 821 452 382 390 538 315 423 306 571 749 106 853 159 972 910 687 183 840 303 57 11 940 64 361 46 164 780 274 765 67 80 409 62 737 979 163 312 15 705 963 614 969 145 806 271 201 562 617 528 608 691 739 126 544 433 934 953 494 671 216 594 374 920 228 886 196 833 467 380 1 738 987 428 77 331 221 874 653 865 498 535 813 103 758 22 986 919 259 301 999 487 379 488 896 717 692 675 247 248 589 476 958 578 347 810 210 912 510 20 241 238 267 309 929 294 550 791 767 243 552 819 613 769 296 192 211 151 478 771 734 662 905 804 264 434 542 40 554 189 292 884 348 455 75 720 369 871 466 302 684 387 250 53 610 451 225 966 47 10 508 438 564 48 729 395 536 115 904 861 327 108 518 515 731 891 370 917 892 278 854 841 639 545 469 215 724 809 754 268 629 667 534 141 388 832 822 100 237 378 660 442 728 561 355 775 365 121 603 622 203 155 343 338 607 527 3 978 16 924 925 537 485 84 611 33 475 415 732 525 894 74 862 952 631 930 284 160 560 396 131 7 785 486 169 233 345 973 763 502 976 70 453 700 670 50 18 209 911 256 325 683 324 224 844 887 188 125 616 275 214 344 921 655 24 202 464 261 310 678 222 521 895 585 823 577 389 272 463 827 290 376 847 193 93 342 279 516 774 962 406 556 153 198 620 565 514 642 411 897 362 167 967 772 300 993 766 506 408 563 873 857 596 174 71 114 937 505 955 377 983 818 898 707 945 122 308 234 381 533 623 139 651 9 557 42 883 615 4 23 657 645 742 206 269 430 606 90 843 803 383 551 197 845 915 5 357 517 105 334 236 760 648 473 207 837 318 45 51 138 673 970 29 546 878 305 997 444 530 113 946 926 83 450 136 968 680 855 583 213 677 604 104 401 748 484 901 590 643 612 890 721 375 17 928 712 957 669 34 512 913 633 938 689 638 367 744 360 499 427 212 412 349 68 255 398 54 831 150 574 703 592 838 356 704 99 130 1000 830 676 756 575 601 741 746 95 839 339 776 659 543 824 636 311 94 161 661 907 555 190 477 860 36 468 959 157 13 632 173 695 129 532 686 877 240 386 954 618 366 876 567 226 714 949 425 456 768 893 304 888 779 359 200 72 479 371 329 835 410 223 947 743 146 559 495 133 507 931 96 287 593 605 792 802 996 185 286 547 733 761 906 782 918 899 69 817 582 368 454 353 79 43 681 474 630 87 826 227 627 773 961 470 790 674 176 948 147 132 285 960 414 260 439 14 788 246 812 870 801 500 38 205 496 710 941 81 49 868 86 699 875 539 974 836 31 431 314 523 786 807 320 436 784 688 650 980 245 621 619 682 168 363 716 219 154 218 295 152 419 460 89 872 908 472 649 258 764 230 640 820 932 66 600 413 950 770 65 709 573 711 82 322 252 195 988 465 722 879 654 289 392 656 2 341 867 297 625 977 569 391 116 417 783
888
404 1 658 717 346 469 712 541 171 368 587 649 25 702 104 393 471 183 213 510 830 884 444 151 352 312 845 943 628 295 285 62 640 753 125 533 275 492 119 924 516 173 27 261 643 209 825 152 390 646 388 185 796 739 848 992 682 790 619 379 436 255 441 428 8 565 960 634 409 430 557 602 935 536 244 495 361 748 6 135 421 153 873 268 144 906 410 115 369 77 272 728 641 583 362 49 13 270 325 614 860 210 51 572 957 287 577 91 707 81 315 326 221 735 691 857 932 59 933 555 139 925 138 500 974 150 121 650 763 677 509 972 280 366 9 370 424 90 685 749 666 257 836 708 465 767 118 397 321 256 458 755 959 876 74 552 156 631 236 996 596 46 419 37 82 520 54 690 355 761 154 473 879 902 793 134 223 603 241 220 913 468 515 986 371 670 383 2 411 349 852 456 120 890 639 294 579 345 55 85 817 961 418 560 915 780 828 477 165 667 899 849 923 309 549 126 117 668 660 936 354 66 372 170 350 358 483 269 777 400 928 253 45 93 100 711 343 300 985 652 201 463 180 878 191 412 231 784 605 493 724 335 161 263 204 620 855 956 52 770 950 647 504 734 546 838 704 38 776 427 111 278 662 725 382 571 431 937 190 479 791 145 531 846 53 472 216 700 975 462 60 806 7 898 396 673 288 897 918 559 859 299 129 289 377 166 574 432 105 706 566 511 680 319 839 774 697 227 254 338 813 457 440 810 467 872 863 870 320 234 575 885 664 86 809 695 127 398 342 622 72 786 679 239 453 359 772 592 657 607 301 699 814 637 286 561 455 570 543 224 998 494 721 663 205 599 148 403 442 292 258 407 989 553 95 715 995 207 568 449 530 740 754 615 832 539 586 333 869 877 942 627 865 19 386 733 545 981 103 900 405 633 228 829 194 334 719 308 271 528 147 507 363 823 149 616 822 373 642 881 61 990 779 297 99 182 177 597 683 624 44 798 212 357 868 41 625 78 833 917 58 450 916 665 97 891 795 40 503 908 984 827 948 744 875 146 140 901 112 629 222 544 108 460 945 556 356 742 610 353 73 564 977 380 423 14 789 966 293 248 237 155 831 413 871 316 661 983 225 313 714 689 861 909 585 807 192 474 808 840 521 910 296 593 805 821 264 501 162 976 98 912 730 792 927 188 159 765 862 32 28 542 547 895 322 113 866 481 743 414 266 738 307 766 802 618 659 89 84 893 617 30 517 304 381 35 573 332 694 844 558 736 131 591 999 746 604 169 327 760 33 611 506 454 415 888 692 328 283 720 323 824 110 969 314 443 841 951 186 781 934 267 653 886 29 903 284 705 124 164 843 522 638 850 645 417 713 758 76 240 982 229 96 226 835 818 991 594 978 344 771 718 36 563 757 476 376 581 626 851 759 260 273 291 101 187 168 953 265 94 613 68 816 854 834 732 550 768 26 880 176 395 262 656 723 277 979 242 367 122 608 461 470 526 621 16 437 534 562 968 678 65 31 448 778 973 43 750 954 676 965 247 595 83 687 4 752 34 199 163 524 478 200 794 919 940 290 487 949 751 392 106 788 250 317 538 842 648 426 485 496 252 853 195 218 632 722 64 67 70 389 15 20 233 302 938 18 609 178 375 962 675 693 402 741 701 214 47 681 360 499 654 276 529 324 80 184 92 669 197 513 929 107 445 385 671 339 887 993 698 446 337 837 23 508 911 484 130 589 811 401 217 206 655 329 535 590 907 980 69 737 756 215 896 249 782 406 128 883 523 882 340 202 578 451 952 198 858 102 904 497 799 815 554 158 259 514 399 42 674 525 157 281 331 598 429 56 672 518 726 318 584 433 710 1000 391 930 394 75 230 132 491 576 727 364 452 775 365 502 874 172 348 688 303 438 181 856 612 160 488 208 939 238 994 279 769 505 787 773 804 921 922 416 137 17 684 941 864 527 336 606 764 636 475 803 189 490 274 747 519 219 420 601 964 819 5 282 57 486 947 425 797 142 729 133 211 48 785
888
185 469 860 179 497 940 492 730 166 343 638 298 905 874 11 132 859 936 933 391 792 980 214 43 342 385 705 78 764 241 546 975 771 267 262 124 432 957 761 861 986 92 498 117 950 433 49 340 224 28 553 619 721 289 598 425 367 713 18 912 687 788 306 953 402 429 737 358 541 466 218 526 557 68 994 500 394 198 76 421 103 694 494 291 270 109 3 287 21 41 75 326 346 828 107 82 647 899 754 173 807 821 518 665 321 215 396 684 317 89 177 59 731 447 168 85 733 540 125 159 217 822 323 255 522 322 505 276 312 96 328 768 274 542 515 958 210 955 134 269 37 580 121 327 823 895 809 570 26 682 891 530 384 193 405 746 521 524 20 62 329 624 697 462 892 734 31 854 58 357 803 880 603 574 40 172 951 722 480 30 797 673 434 543 545 310 914 606 700 242 581 55 472 481 448 502 335 489 813 776 984 12 849 398 844 879 194 868 664 88 412 973 353 369 24 946 772 1 773 252 275 938 836 779 689 1000 840 816 336 204 399 926 266 910 366 677 235 718 397 258 381 119 985 463 745 922 767 932 623 639 351 845 885 628 794 993 490 63 886 726 232 741 702 2 203 446 970 377 660 750 278 16 740 212 608 418 952 162 14 48 91 631 804 831 332 805 386 777 707 759 834 165 584 696 675 422 907 299 93 864 698 122 101 971 453 257 708 414 438 151 247 602 830 182 395 525 857 784 507 900 715 437 929 86 538 390 225 795 97 157 835 510 594 337 547 642 294 691 850 474 356 188 281 944 70 996 155 643 693 33 344 839 129 25 991 361 451 992 637 568 450 282 457 32 273 674 549 383 387 187 411 529 680 123 979 23 649 216 461 609 716 622 997 817 699 90 555 456 544 842 605 727 588 855 657 866 943 372 551 439 947 435 376 485 348 39 846 676 531 801 743 873 74 645 663 100 324 960 871 169 176 913 208 473 379 277 872 314 77 374 171 135 167 261 858 604 709 300 244 837 477 45 585 599 286 368 227 34 655 882 832 695 444 790 152 747 939 896 503 650 978 46 533 915 818 575 667 229 113 758 452 998 147 470 44 392 848 17 966 36 732 148 755 307 504 644 311 192 752 35 250 280 239 259 479 607 4 770 735 142 72 209 334 826 712 330 22 884 427 812 60 284 316 941 906 762 420 512 423 506 509 717 651 416 567 431 724 783 877 120 140 889 226 230 407 723 410 260 652 853 81 833 576 841 245 586 9 977 780 51 517 519 347 928 360 579 811 243 963 54 852 223 467 692 143 445 341 632 52 211 597 787 911 558 990 213 635 678 191 459 766 903 496 646 430 174 161 838 27 535 13 959 105 183 969 268 704 349 487 742 350 296 661 409 927 856 590 222 126 359 297 988 10 106 455 751 634 99 95 476 482 670 878 333 552 883 659 791 145 256 355 863 513 146 937 197 202 514 228 774 781 902 565 7 42 890 876 175 802 234 945 719 308 808 706 436 149 703 757 87 516 749 569 115 870 283 29 184 488 785 630 508 995 493 728 561 843 591 810 127 449 352 104 64 548 633 139 163 53 237 528 592 962 765 806 207 475 981 908 170 527 325 272 867 593 967 304 265 956 949 428 471 763 972 799 744 601 625 271 5 320 205 701 303 683 556 778 583 79 221 968 454 636 201 114 825 118 196 486 318 976 293 894 560 133 238 15 460 566 136 50 611 178 406 690 292 983 19 901 714 942 782 753 345 917 365 909 200 441 814 656 686 108 789 923 617 154 563 363 920 319 573 290 965 520 800 893 94 614 112 110 388 253 824 875 815 424 144 371 572 403 964 989 769 654 199 102 158 756 71 948 582 499 164 153 67 627 370 501 851 578 8 302 798 648 621 249 629 748 615 443 483 736 738 285 725 378 248 83 440 641 57 301 190 897 264 195 904 189 382 251 887 610 263 862 137 417 919 613 658 668 829 426 415 954 380 935 987 128 404 254 930 869 138 685 150 819 595 596 246 313 847 331 881 6 918 924 536
888
302 254 272 182 953 983 553 508 448 218 253 360 662 944 867 490 938 971 848 909 123 239 711 57 157 855 163 974 310 438 862 612 44 133 145 348 467 698 266 915 459 625 928 402 843 769 340 165 616 248 640 207 48 363 164 563 688 474 1000 549 85 43 33 581 390 499 278 597 765 544 55 741 823 809 936 592 500 452 559 99 91 408 491 479 572 53 519 397 404 67 833 799 413 540 950 691 136 66 586 543 807 761 351 94 704 850 545 262 948 988 379 707 478 209 882 727 26 637 146 858 435 271 975 898 313 462 964 250 4 770 10 354 215 713 555 759 327 854 98 705 561 575 265 190 808 992 216 445 489 73 879 695 205 982 7 667 945 257 22 618 728 280 331 282 391 657 488 696 415 977 885 222 320 18 525 249 892 219 453 226 578 471 522 186 845 588 803 485 609 141 449 853 387 863 624 436 75 454 661 951 702 904 170 506 481 329 3 636 173 590 744 160 923 121 569 620 378 783 153 1 570 5 428 375 665 921 899 934 401 997 403 984 786 344 422 881 856 180 976 819 896 81 678 585 901 599 328 606 706 526 604 686 279 299 681 84 377 709 232 756 144 314 2 214 483 587 115 176 442 54 781 307 455 492 407 791 617 694 874 993 755 576 685 134 431 350 433 564 69 19 150 546 326 970 361 424 920 643 889 227 868 233 981 195 942 409 6 949 779 683 450 676 717 337 897 78 497 729 989 839 537 183 932 831 374 731 11 51 813 726 917 169 79 743 416 639 806 24 720 520 725 502 693 137 319 701 381 80 203 463 723 884 608 651 844 674 264 484 986 793 52 281 979 87 135 721 518 276 323 998 996 605 191 369 235 548 199 871 607 131 45 61 204 389 237 531 476 147 878 708 420 801 294 225 194 347 269 412 406 425 208 888 822 736 324 243 120 829 530 468 246 189 179 591 197 627 224 602 784 841 311 852 635 357 457 828 76 719 187 394 405 349 887 514 513 90 498 267 690 621 93 473 139 72 595 629 148 580 556 739 963 872 849 738 388 827 980 926 29 113 274 794 59 902 941 601 800 20 648 109 750 935 338 692 838 236 816 322 999 317 154 669 961 952 63 664 82 400 15 528 28 763 710 70 263 465 985 653 97 119 414 41 393 258 102 524 486 943 441 821 167 946 64 277 286 171 969 287 156 815 959 25 672 21 494 626 767 398 366 334 842 284 245 152 470 987 955 358 89 967 579 346 303 818 426 295 446 589 956 638 376 864 332 869 373 367 315 202 234 679 677 312 614 978 341 362 830 231 143 771 516 125 493 594 464 716 760 742 71 385 65 628 417 130 622 335 745 296 812 505 92 732 603 244 890 910 658 39 12 825 846 668 782 718 458 112 593 482 687 914 788 185 883 632 466 924 8 100 659 673 251 118 933 124 907 9 14 615 641 111 752 487 684 895 292 293 613 790 870 851 918 906 826 780 965 352 724 259 804 859 36 382 663 778 797 432 60 912 876 368 746 527 764 995 342 77 213 151 798 62 370 129 444 241 298 172 762 289 649 201 273 582 994 410 68 775 461 356 560 255 610 96 423 283 766 285 840 776 509 507 95 480 168 184 161 930 122 178 305 566 372 814 260 256 316 534 503 162 991 325 49 304 539 515 571 894 421 666 929 126 42 584 712 383 747 865 175 114 159 535 149 116 300 749 642 460 217 261 177 903 86 557 748 211 751 937 343 875 105 291 551 646 50 805 820 645 802 103 306 456 972 106 562 753 220 510 654 925 174 630 861 440 434 954 810 142 533 37 107 583 16 893 384 411 238 703 973 558 913 359 336 772 968 554 140 774 353 697 198 787 611 275 31 399 832 650 297 671 866 715 733 419 714 647 789 101 836 966 547 927 699 200 939 330 451 27 386 252 735 675 824 247 734 229 188 931 439 242 192 886 495 132 596 206 339 155 680 689 847 166 371 230 437 792 128 268 443 573 318 700 193 541 504 891 517 911 860 301 958 574 922 722 429 817 758 990 633 957
888
751 399 318 568 40 814 111 117 19 228 467 776 458 52 271 724 357 264 713 540 130 817 752 103 221 745 346 539 729 513 848 479 911 165 398 302 330 509 418 348 88 237 475 897 640 620 996 361 685 536 842 501 639 944 721 735 290 611 463 802 810 942 64 974 339 366 303 199 135 2 638 371 476 534 10 573 506 358 933 190 245 774 42 883 70 762 618 359 432 512 725 575 859 416 940 514 966 75 515 604 797 343 489 159 267 994 516 551 535 760 676 576 689 963 765 395 614 650 119 189 508 480 373 500 554 240 455 703 582 295 861 200 641 376 750 175 487 425 170 143 443 624 907 238 556 659 778 193 257 788 44 163 27 850 865 960 144 784 452 908 959 333 413 769 854 555 563 477 462 66 17 843 306 572 349 598 198 830 558 341 716 435 646 308 766 753 681 989 566 407 583 896 249 201 700 937 901 665 887 98 494 444 791 511 755 134 53 793 251 870 657 355 902 998 921 36 404 855 932 652 484 704 385 368 747 482 862 260 242 367 186 294 470 987 984 171 276 387 25 559 390 596 93 456 426 461 674 743 235 795 651 332 770 121 13 666 459 351 268 51 334 438 678 72 236 761 629 906 569 718 122 217 252 28 11 728 694 798 706 609 409 94 923 688 166 736 275 331 496 903 588 661 538 326 400 754 578 427 116 105 809 254 866 372 214 274 505 224 720 537 567 440 154 100 811 962 211 715 707 637 741 990 347 208 592 560 833 449 552 875 46 389 354 374 860 526 825 670 488 954 880 660 869 727 961 77 947 307 284 890 867 469 338 565 47 160 305 406 76 931 827 746 780 977 324 792 845 59 158 816 464 771 57 682 591 683 311 82 473 967 710 510 839 35 805 192 291 656 317 789 983 478 929 243 7 104 430 895 176 410 520 975 698 739 864 12 587 391 550 362 256 380 67 185 429 600 723 31 570 336 205 97 312 874 250 281 615 247 561 783 886 107 841 667 313 801 439 360 392 818 337 617 853 799 820 606 711 740 949 580 623 20 3 172 22 832 504 48 935 78 156 742 397 804 533 803 498 327 871 988 557 679 756 54 905 61 731 173 889 457 422 259 924 140 446 507 481 106 292 1 89 197 71 123 858 132 806 345 262 146 872 824 768 315 261 821 608 5 642 649 730 153 453 233 74 437 38 161 658 523 493 808 686 288 980 131 328 985 230 970 181 971 633 187 216 29 553 386 542 109 749 995 239 562 30 748 24 836 436 840 202 471 531 726 779 258 340 149 524 85 627 920 322 466 298 468 255 669 684 246 91 486 300 32 950 353 164 607 157 485 421 796 26 448 868 375 248 571 521 223 226 738 881 892 218 405 431 492 677 62 227 934 925 150 673 15 532 630 680 687 319 525 43 396 472 428 6 206 21 831 39 647 759 819 86 909 203 424 417 763 522 900 69 972 441 973 314 835 877 628 37 530 634 717 785 577 50 529 363 549 787 964 325 597 705 893 999 912 384 266 541 279 645 490 215 225 289 126 838 527 415 273 183 344 928 411 708 447 844 329 152 548 635 434 545 388 120 419 465 263 113 852 167 621 518 370 863 108 502 757 603 709 412 49 141 450 1000 115 690 978 180 517 125 927 377 926 917 712 403 420 733 269 287 213 138 212 219 622 695 951 87 585 590 204 272 136 599 182 594 209 80 773 84 519 168 626 857 997 767 851 744 497 495 653 894 110 207 195 285 812 241 99 692 378 139 286 675 758 943 34 612 610 383 813 301 882 945 732 278 142 918 543 601 547 253 352 898 807 616 174 891 655 483 968 297 847 155 846 619 581 56 992 232 265 293 342 981 691 878 668 129 986 946 283 179 915 914 636 394 979 956 90 955 133 162 81 544 876 737 952 885 8 790 879 299 178 401 14 350 837 393 222 953 722 112 102 938 916 433 474 589 335 310 939 60 648 280 194 282 499 782 356 68 919 586 442 316 664 922 828 127 699 101 969 777 625 815 794 423 9 826 957 834 45 899 321 993 323
